37 52 22 36 17 
22 54 52 14 59 
29 8 37 38 5 
14 10 40 51 30 
36 7 26 8 19 
13 54 41 37 27 
50 17 57 35 4 
47 18 58 53 51 
14 49 9 7 45 
41 33 10 59 29 
41 37 17 50 21 
16 36 20 6 31 
55 26 48 45 24 
9 36 44 45 39 
14 49 39 24 20 
21 7 32 52 44 
13 45 54 5 17 
15 59 52 10 31 
36 52 44 4 40 
21 22 52 49 58 
14 6 32 52 38 
22 41 49 21 5 
11 34 55 41 49 
57 56 1 53 12 
28 44 12 22 25 
23 25 16 49 58 
47 13 34 40 57 
41 5 57 34 22 
52 58 53 37 51 
28 15 36 23 21 
7 58 55 29 2 
20 19 47 57 40 
6 20 10 1 13 
24 3 28 1 41 
39 14 43 9 4 
18 34 40 59 48 
22 49 27 14 32 
38 13 12 9 35 
29 18 11 36 8 
54 31 9 30 50 
48 11 45 30 47 
57 30 13 38 32 
38 43 6 48 47 
52 53 3 14 10 
10 41 44 56 48 
28 21 20 56 27 
21 23 38 20 42 
27 37 22 45 35 
16 58 22 30 51 
59 30 46 38 20 
1 11 20 27 25 
1 57 16 41 17 
53 30 19 37 28 
52 26 31 22 4 
22 52 10 23 7 
58 50 36 9 33 
47 4 33 32 55 
7 22 10 27 12 
17 36 29 16 31 
32 56 4 27 22 
40 20 21 17 51 
33 22 42 14 11 
10 57 51 35 39 
36 20 59 17 7 
7 20 21 34 43 
18 44 1 39 37 
10 36 52 24 55 
8 35 27 16 42 
52 13 55 44 51 
30 12 36 20 47 
26 41 14 37 46 
42 32 49 6 2 
46 34 32 22 12 
28 16 12 11 15 
20 39 7 17 59 
20 2 46 7 16 
25 24 20 59 53 
49 7 27 1 36 
34 45 38 39 50 
7 12 23 34 38 
5 8 44 40 11 
30 51 17 48 54 
14 59 54 53 16 
12 10 38 53 57 
20 8 21 37 32 
47 37 30 54 10 
10 5 12 11 20 
27 24 42 31 13 
25 8 11 58 41 
1 8 19 10 20 
32 18 45 10 11 
43 19 4 11 33 
33 11 44 47 46 
52 50 1 38 17 
18 37 20 16 3 
37 47 18 22 54 
40 22 32 26 38 
7 52 6 33 26 
48 23 40 21 19 
22 13 9 37 23 
36 51 56 22 59 
34 30 51 31 45 
4 47 58 5 36 
28 45 24 52 49 
33 57 53 3 14 
15 41 59 37 56 
51 39 42 11 7 
32 52 36 48 11 
23 48 21 9 13 
12 34 3 42 37 
32 36 39 29 49 
4 45 21 17 13 
50 58 7 31 51 
42 31 23 48 2 
12 20 28 40 48 
4 41 1 12 47 
53 28 48 39 40 
11 20 46 27 3 
15 28 5 26 32 
10 4 11 33 19 
58 56 20 19 42 
43 22 34 6 45 
56 18 55 10 41 
53 5 56 14 32 
4 49 39 50 23 
21 55 33 45 44 
9 24 43 34 36 
58 11 3 48 47 
40 44 55 24 4 
41 15 6 13 32 
15 41 29 27 3 
11 55 47 2 27 
43 32 9 45 17 
40 18 17 8 44 
7 12 42 49 13 
8 49 2 40 50 
50 4 31 42 23 
43 12 20 51 55 
56 38 46 8 18 
17 58 39 19 41 
53 37 14 44 45 
50 16 18 36 27 
41 43 20 19 38 
22 38 21 12 41 
59 12 46 19 15 
18 39 57 36 41 
30 24 57 59 45 
11 29 1 51 18 
55 50 24 11 15 
31 9 23 1 11 
54 18 8 19 32 
28 48 54 24 50 
40 42 38 1 4 
38 1 48 27 7 
40 51 59 41 38 
55 20 40 47 41 
49 19 13 28 21 
57 59 54 25 30 
46 41 36 18 11 
35 9 50 12 58 
31 28 48 18 52 
23 2 47 28 17 
49 53 13 9 47 
2 54 12 58 25 
19 35 57 47 13 
15 52 25 53 54 
54 3 5 27 18 
32 53 22 4 19 
16 50 42 59 41 
43 22 6 20 32 
47 52 55 48 12 
27 12 3 4 44 
41 51 30 50 53 
27 43 12 23 1 
46 7 43 54 20 
35 3 37 27 45 
43 10 12 23 47 
38 24 5 10 43 
26 35 16 52 58 
8 3 23 30 58 
39 21 1 18 55 
11 40 16 51 56 
12 39 14 46 34 
43 39 2 33 40 
58 59 35 5 57 
56 4 35 51 36 
22 25 39 13 51 
16 9 17 28 30 
30 35 57 4 59 
55 20 37 45 39 
47 6 2 34 35 
18 5 33 43 45 
39 20 14 40 3 
33 41 4 19 59 
46 52 24 56 2 
59 28 51 13 49 
31 15 13 54 10 
52 51 16 14 30 
16 27 45 41 21 
5 25 40 23 28 
50 35 21 47 46 
3 24 38 21 39 
47 5 29 45 19 
41 30 10 36 38 
50 34 29 6 44 
44 12 43 24 45 
28 19 29 47 4 
41 54 59 33 5 
8 13 59 17 34 
23 56 43 45 15 
38 51 17 28 39 
37 52 10 1 57 
12 11 32 56 52 
23 50 28 59 56 
17 39 16 7 51 
54 11 6 42 53 
26 1 11 4 23 
47 30 29 49 45 
45 35 47 46 12 
5 41 20 14 17 
1 8 59 46 41 
11 55 58 14 49 
32 43 53 55 56 
15 37 35 1 47 
50 58 16 29 11 
14 5 58 54 36 
33 24 49 45 1 
13 30 5 20 17 
44 42 16 47 23 
15 16 19 14 24 
22 39 49 46 20 
8 42 51 20 6 
29 43 25 4 34 
57 40 58 31 39 
7 33 50 38 8 
12 59 44 20 9 
56 7 1 11 55 
35 24 58 53 10 
21 43 28 3 7 
46 13 8 51 35 
59 7 53 26 4 
49 59 13 41 14 
10 56 9 24 52 
17 45 10 29 9 
59 48 19 33 30 
56 45 57 22 18 
14 57 33 10 7 
14 16 27 15 8 
17 11 29 56 57 
44 1 53 3 41 
58 34 6 46 40 
20 7 15 41 44 
35 19 14 39 56 
5 3 29 59 39 
5 36 49 55 22 
4 46 16 37 32 
5 2 57 23 20 
9 54 38 56 31 
14 3 46 38 35 
6 50 5 36 13 
58 3 56 48 16 
55 30 53 48 19 
7 15 3 11 28 
51 13 46 39 4 
56 27 46 6 51 
55 41 26 14 59 
47 31 22 29 55 
7 20 6 1 49 
49 54 28 25 56 
8 44 21 11 49 
42 4 26 51 19 
34 44 20 48 6 
48 56 24 36 33 
43 26 3 20 48 
50 1 8 39 5 
40 42 18 16 2 
41 26 42 13 39 
57 14 29 18 28 
55 23 17 59 36 
36 59 26 15 34 
35 18 43 29 26 
5 2 26 25 49 
42 23 10 7 1 
4 28 31 44 21 
18 50 23 3 21 
34 56 36 32 22 
45 31 1 48 27 
54 4 7 9 30 
32 45 34 52 58 
55 32 50 54 42 
44 10 58 8 30 
15 59 27 58 3 
24 30 8 18 39 
22 32 37 44 50 
5 23 16 22 29 
46 10 3 19 36 
27 19 38 13 17 
23 40 53 26 7 
36 25 44 8 10 
40 23 44 55 15 
23 20 5 30 8 
18 44 35 39 1 
54 43 13 11 23 
55 52 46 50 36 
20 18 53 28 35 
30 49 54 26 51 
11 20 13 27 59 
47 21 23 14 10 
51 21 32 28 9 
29 8 28 34 38 
24 43 11 12 45 
22 49 41 26 3 
47 16 14 32 52 
41 33 16 40 11 
36 38 5 27 41 
58 36 16 6 5 
12 43 27 25 23 
58 16 15 46 50 
25 3 32 17 19 
41 31 39 2 5 
48 20 14 34 3 
56 13 8 41 3 
45 10 6 23 41 
46 52 37 10 40 
38 9 32 28 5 
44 53 7 21 3 
43 17 14 13 54 
29 53 52 17 31 
43 48 7 37 52 
23 46 11 26 55 
35 8 12 1 6 
39 29 4 8 7 
40 1 52 36 53 
10 57 31 12 56 
58 18 48 13 36 
6 39 8 30 48 
9 59 31 56 19 
55 54 48 23 3 
31 22 55 26 54 
26 36 40 7 12 
21 57 26 22 30 
6 23 19 43 13 
2 34 11 41 26 
22 10 13 14 52 
31 35 41 9 57 
27 21 19 6 2 
49 14 9 17 57 
33 53 59 22 28 
4 36 26 33 55 
2 26 11 32 22 
22 16 42 23 55 
48 55 28 40 36 
57 47 46 52 7 
33 57 19 23 13 
1 46 39 33 18 
28 8 56 53 30 
40 6 51 29 3 
52 2 36 35 13 
55 45 31 30 59 
8 37 2 35 22 
22 1 42 38 34 
14 27 58 25 38 
44 29 54 40 9 
58 53 40 23 9 
8 24 59 39 49 
24 36 21 45 42 
58 5 25 59 30 
37 58 14 4 12 
17 43 11 4 51 
18 54 56 21 46 
30 48 42 46 40 
45 17 59 12 25 
32 19 7 9 6 
40 25 7 56 2 
2 45 26 9 47 
2 22 19 45 26 
19 33 42 52 11 
1 25 44 17 37 
7 10 35 32 22 
58 54 45 17 12 
49 7 17 53 2 
47 53 14 52 54 
6 51 42 4 25 
11 39 40 17 12 
9 38 3 33 19 
10 58 26 57 8 
3 42 26 34 28 
33 9 56 54 57 
47 34 23 31 3 
56 6 4 34 49 
54 2 49 36 40 
27 40 13 23 24 
49 1 5 10 15 
37 56 3 49 9 
31 5 55 50 56 
29 37 59 10 44 
32 4 45 23 18 
12 52 55 43 5 
57 25 18 55 50 
26 5 45 44 57 
9 6 11 44 31 
45 13 48 32 20 
10 18 19 1 13 
33 41 25 14 32 
39 7 40 24 37 
36 51 45 25 40 
38 56 28 39 23 
56 51 35 44 8 
52 48 15 24 40 
19 58 37 20 41 
39 28 58 47 10 
54 15 48 33 10 
29 8 9 7 24 
38 14 13 19 31 
55 2 7 1 9 
57 8 55 12 18 
47 23 11 28 32 
12 15 38 5 27 
8 57 17 59 32 
54 37 34 25 24 
52 49 36 57 44 
9 23 2 14 21 
17 49 54 35 1 
13 2 54 14 3 
42 11 12 38 17 
3 8 25 47 30 
26 3 9 7 54 
14 24 32 41 10 
28 54 14 15 37 
34 5 51 2 58 
34 23 43 19 2 
55 13 28 58 31 
33 41 59 44 28 
3 12 27 38 2 
19 22 13 53 8 
26 11 21 34 33 
49 14 48 9 44 
26 45 14 55 54 
42 34 59 39 44 
35 6 51 5 29 
29 48 36 19 25 
30 3 22 7 33 
9 2 19 50 11 
15 5 46 49 16 
48 31 17 49 29 
41 47 55 31 4 
55 7 52 33 39 
32 23 47 39 49 
20 34 58 4 39 
55 15 49 16 28 
24 2 28 32 59 
34 15 48 27 31 
22 7 1 10 49 
58 30 35 28 59 
14 25 33 18 49 
33 54 42 9 45 
6 52 59 29 9 
41 6 54 5 37 
50 53 10 20 25 
56 8 12 43 34 
58 18 53 8 45 
34 58 24 36 57 
9 55 42 25 57 
23 7 2 3 51 
5 32 26 18 15 
10 53 17 25 45 
22 12 4 31 10 
38 39 28 24 30 
49 13 30 53 42 
12 46 44 47 26 
49 1 8 24 28 
34 12 31 51 3 
37 8 40 52 39 
7 8 17 59 48 
21 40 8 38 4 
52 28 36 32 35 
24 17 45 46 26 
5 52 28 59 31 
43 2 51 45 16 
29 43 31 50 9 
14 39 2 40 43 
37 6 1 53 16 
36 18 25 50 48 
23 22 30 39 37 
7 14 24 41 21 
54 11 52 35 2 
20 1 45 18 4 
13 33 18 24 25 
46 50 16 31 5 
37 39 38 19 10 
5 7 28 27 19 
36 20 54 27 26 
40 42 30 29 50 
54 57 51 6 10 
48 28 59 25 57 
1 38 25 13 3 
19 2 11 21 42 
9 33 19 38 54 
55 37 39 52 51 
35 16 33 51 13 
38 6 36 48 51 
54 53 23 57 49 
46 17 22 16 54 
13 30 24 42 48 
54 30 32 46 25 
43 22 49 15 12 
48 34 55 44 54 
5 13 43 55 28 
47 31 48 38 22 
19 15 56 31 14 
46 11 12 47 50 
36 14 10 11 7 
40 27 17 53 37 
4 43 46 55 18 
47 49 59 15 14 
19 9 29 2 28 
10 4 53 2 41 
15 27 23 36 16 
57 12 28 15 11 
19 16 20 33 29 
49 24 12 36 35 
16 5 50 11 26 
51 52 36 24 56 
34 58 5 21 10 
25 11 54 13 39 
44 45 1 24 51 
29 1 49 9 32 
18 51 14 34 10 
39 17 21 32 19 
25 28 11 17 46 
8 35 15 12 50 
50 42 36 38 34 
24 44 31 11 40 
46 47 8 14 39 
30 47 33 25 14 
30 38 16 11 42 
54 23 19 7 50 
38 2 12 4 6 
44 39 30 33 2 
41 33 39 54 40 
1 19 45 58 46 
58 1 32 42 12 
1 21 29 16 40 
31 22 13 23 29 
25 10 14 39 53 
45 21 35 33 38 
26 1 38 34 51 
2 31 6 11 30 
24 41 39 23 27 
58 4 17 35 15 
31 29 1 47 25 
48 24 38 52 29 
12 1 44 28 35 
31 9 43 17 15 
8 15 59 34 53 
57 25 8 56 9 
6 40 37 13 8 
18 43 13 8 27 
49 32 31 53 48 
41 29 52 54 48 
22 20 21 54 41 
20 16 10 57 9 
5 10 3 22 32 
35 18 46 49 28 
24 41 31 26 7 
24 18 6 3 14 
30 27 25 15 4 
46 39 52 11 54 
45 34 13 50 16 
39 6 37 45 55 
31 12 57 44 43 
27 44 41 29 34 
4 52 22 27 28 
13 7 49 24 57 
42 14 9 16 11 
34 48 54 52 9 
29 38 8 13 52 
3 17 13 52 42 
6 43 48 50 8 
12 14 21 4 55 
22 56 2 45 32 
25 18 29 21 28 
17 46 22 30 56 
29 10 18 16 45 
50 44 45 51 47 
35 3 16 2 13 
7 5 39 24 31 
12 43 17 26 48 
8 29 51 58 41 
23 57 42 31 50 
40 59 21 39 55 
33 6 46 44 26 
52 40 48 18 30 
27 68 12 43 29 
20 15 31 40 29 
57 62 69 49 48 
57 32 30 42 56 
20 31 56 64 60 
56 62 54 63 4 
9 47 20 25 68 
12 2 17 20 65 
50 53 7 16 25 
26 4 32 55 64 
66 37 22 14 45 
40 17 46 69 41 
37 57 47 50 52 
53 16 69 58 29 
47 2 66 67 6 
14 18 19 64 32 
47 33 68 27 13 
16 46 10 56 7 
62 2 30 19 14 
9 42 10 55 32 
30 68 59 41 28 
67 16 63 38 55 
65 40 44 59 27 
12 61 54 38 36 
42 15 6 5 29 
47 2 63 62 11 
32 16 19 57 34 
8 27 34 4 19 
61 52 51 64 3 
44 5 39 69 47 
32 22 40 69 34 
40 52 3 67 12 
16 5 12 31 43 
26 60 67 31 28 
13 4 36 31 52 
2 62 40 50 3 
7 15 36 18 19 
29 27 7 40 17 
54 12 11 16 15 
67 21 65 31 64 
22 11 53 21 10 
62 52 13 12 44 
3 34 27 59 69 
32 34 14 23 68 
28 11 50 57 62 
46 50 12 13 10 
11 60 23 54 43 
22 15 49 5 8 
23 42 68 52 11 
55 24 63 53 44 
9 61 28 40 30 
65 28 49 60 4 
14 23 41 61 22 
30 35 38 33 64 
32 3 25 51 18 
62 30 12 25 52 
46 62 59 35 19 
25 39 64 2 33 
32 16 3 34 12 
47 69 30 66 57 
25 66 44 5 26 
69 32 52 66 20 
64 27 65 13 47 
25 67 39 23 54 
9 32 5 7 23 
64 24 59 41 11 
6 34 33 59 58 
40 69 33 23 30 
20 16 43 64 22 
37 69 12 25 60 
36 58 27 41 20 
33 4 24 31 22 
53 2 23 63 41 
14 42 43 52 40 
36 3 56 69 27 
29 37 23 64 60 
63 39 59 34 10 
66 57 2 31 24 
32 28 10 64 61 
57 15 29 3 54 
11 50 40 17 62 
6 58 66 25 35 
39 5 35 7 23 
10 47 68 65 50 
32 21 17 23 11 
66 27 11 9 67 
52 33 47 36 20 
64 56 61 23 67 
44 38 64 69 60 
44 49 33 50 52 
68 3 21 6 60 
25 11 9 65 64 
48 32 63 4 49 
10 56 24 61 5 
39 59 7 67 50 
23 55 33 22 29 
3 17 49 68 55 
10 31 23 28 11 
51 19 9 62 55 
63 67 1 69 28 
15 7 29 41 20 
30 53 62 38 52 
12 64 50 61 2 
60 29 18 27 8 
3 64 68 61 54 
34 44 30 16 37 
64 49 57 23 67 
43 63 16 38 10 
1 55 33 28 56 
48 56 2 16 3 
42 48 20 21 19 
18 54 61 13 37 
31 50 69 21 51 
28 31 54 25 1 
20 8 27 52 17 
28 61 63 41 65 
24 61 43 16 28 
7 61 41 47 32 
21 17 37 44 19 
3 45 25 14 18 
27 26 33 8 10 
49 64 48 41 53 
32 21 12 44 66 
39 18 66 37 26 
16 40 8 48 1 
25 68 40 54 33 
38 52 42 51 28 
30 23 44 58 16 
1 28 3 67 57 
17 16 42 41 29 
37 63 12 24 3 
1 16 13 43 3 
55 69 23 64 59 
41 9 58 40 53 
45 25 23 67 52 
18 62 66 68 28 
39 12 49 69 20 
9 60 64 43 57 
52 17 16 13 6 
49 20 42 14 66 
37 64 17 9 5 
33 5 42 38 28 
9 3 33 7 31 
52 10 61 28 13 
6 62 32 47 65 
16 10 52 40 55 
2 22 63 19 18 
42 23 59 46 33 
57 41 50 26 1 
30 16 41 48 53 
25 67 54 44 13 
2 29 9 27 42 
32 18 31 48 45 
8 62 31 36 15 
65 9 44 36 32 
53 20 54 46 8 
51 53 36 23 60 
68 63 14 8 61 
61 26 45 5 22 
1 19 52 40 37 
39 21 48 41 63 
18 1 51 15 26 
24 22 23 62 45 
18 49 66 17 59 
31 21 11 41 59 
62 31 56 46 29 
68 17 20 63 32 
39 4 48 45 11 
45 5 47 54 22 
38 28 33 32 62 
55 10 5 67 28 
60 39 33 4 46 
54 41 9 3 21 
66 57 5 69 21 
32 26 20 38 58 
63 22 5 43 57 
13 62 10 53 32 
65 14 46 68 61 
36 32 22 58 10 
46 37 29 53 68 
45 19 42 53 48 
54 9 68 4 16 
29 8 40 59 10 
18 23 2 61 1 
40 66 9 64 63 
63 51 59 61 50 
44 32 60 5 53 
19 42 21 7 69 
1 40 28 48 45 
16 1 54 63 69 
33 21 45 11 28 
12 30 47 62 36 
35 20 49 26 24 
64 43 60 9 15 
17 68 19 43 39 
7 26 16 23 6 
66 15 7 38 32 
43 19 69 28 67 
62 41 21 52 6 
32 14 8 58 67 
59 20 6 57 29 
24 63 35 57 17 
31 24 25 17 18 
68 48 67 39 53 
45 24 56 55 57 
21 25 10 23 8 
8 25 12 41 64 
23 63 62 66 22 
61 10 49 65 63 
1 69 19 3 13 
56 37 69 32 66 
69 54 49 30 66 
14 45 69 41 42 
57 54 29 22 18 
35 27 57 66 38 
26 3 19 6 44 
51 48 12 26 14 
12 21 14 34 20 
56 6 4 30 16 
48 32 44 50 23 
17 31 28 32 39 
61 51 37 46 35 
53 8 54 27 13 
59 28 26 24 63 
32 30 36 28 58 
50 19 55 62 20 
36 60 55 37 25 
2 28 51 58 24 
35 63 37 9 50 
20 61 64 1 69 
44 15 1 13 3 
16 60 3 56 9 
58 28 51 41 36 
42 39 18 2 37 
12 61 30 29 33 
7 24 50 49 33 
69 25 35 14 58 
33 51 3 37 57 
28 26 58 47 49 
11 9 5 33 64 
54 26 17 21 47 
7 4 14 59 46 
15 48 23 27 53 
40 35 34 47 23 
27 13 41 59 1 
44 46 37 39 69 
26 62 39 13 44 
7 36 31 15 34 
38 25 62 63 24 
69 12 65 59 30 
40 17 36 25 13 
36 6 19 13 51 
69 43 54 44 61 
12 24 6 41 68 
60 66 22 59 57 
29 4 61 3 18 
33 56 53 10 45 
53 8 52 6 26 
24 55 52 61 8 
42 64 54 8 24 
38 2 20 17 39 
67 18 16 55 27 
61 17 19 26 62 
12 17 10 9 23 
50 69 54 62 40 
18 17 39 64 56 
28 50 22 45 20 
40 5 31 50 14 
29 36 14 61 57 
50 69 16 38 11 
42 56 22 55 45 
17 22 21 19 51 
56 9 17 3 6 
20 54 61 56 64 
45 31 21 1 49 
46 23 26 17 68 
23 37 64 44 25 
53 28 41 23 56 
36 10 25 6 15 
13 38 45 20 55 
65 9 58 57 45 
14 56 27 4 23 
29 56 45 16 43 
63 28 62 7 37 
9 3 20 42 61 
7 41 15 4 44 
45 43 1 10 64 
21 19 47 27 46 
49 22 41 67 42 
28 36 10 1 27 
9 56 58 23 68 
64 44 18 2 41 
27 65 56 46 22 
5 38 22 58 32 
38 58 3 11 44 
21 63 30 43 10 
56 43 5 68 62 
28 15 12 47 48 
34 67 52 61 24 
45 1 47 69 7 
25 20 57 63 54 
53 25 41 67 57 
54 66 55 61 11 
59 60 6 50 15 
20 32 3 33 13 
28 48 63 6 64 
19 18 24 34 2 
50 4 51 48 39 
61 24 69 64 63 
7 1 30 50 2 
9 17 34 59 64 
63 66 53 59 41 
22 53 27 67 1 
27 60 42 23 8 
14 65 11 43 32 
3 64 69 68 57 
62 16 54 57 69 
56 53 45 21 3 
13 12 8 27 19 
40 39 47 7 25 
24 65 21 32 15 
50 28 34 42 26 
53 29 5 57 34 
49 62 42 7 69 
8 6 68 20 52 
14 23 38 7 55 
56 33 58 51 11 
4 68 59 69 19 
10 58 47 11 55 
36 38 9 11 37 
61 14 34 32 46 
9 64 29 21 4 
8 38 55 52 43 
43 31 29 37 15 
40 59 28 21 30 
52 38 25 67 5 
51 53 42 62 12 
56 46 42 12 8 
15 27 69 7 3 
19 59 37 6 49 
57 58 7 36 48 
14 61 29 31 56 
5 65 8 66 41 
50 25 48 23 47 
12 8 21 32 20 
16 2 12 29 54 
10 43 17 18 65 
13 28 5 63 38 
7 39 2 3 1 
2 24 8 69 14 
48 30 41 64 29 
50 52 49 51 27 
32 4 20 6 14 
49 31 59 42 21 
27 68 25 19 1 
21 35 10 6 46 
45 5 59 55 6 
69 36 45 47 18 
67 30 34 39 53 
10 53 50 63 14 
66 52 60 24 25 
44 62 20 37 16 
54 52 21 64 68 
25 16 32 49 19 
33 43 60 59 15 
39 12 21 23 67 
17 26 32 4 49 
15 46 66 17 1 
3 63 27 65 30 
35 65 32 36 6 
45 29 62 41 2 
66 28 23 56 5 
30 6 23 16 61 
66 64 45 53 1 
40 9 8 6 37 
33 68 61 17 7 
2 10 66 67 25 
7 44 57 10 20 
43 39 2 66 1 
61 3 42 32 34 
34 45 6 52 15 
38 17 28 34 23 
13 9 48 42 60 
42 57 35 38 5 
8 11 49 16 14 
26 38 21 4 18 
66 14 3 6 11 
54 22 16 1 5 
59 13 24 62 17 
50 45 43 40 61 
4 8 46 23 65 
7 68 9 26 44 
32 35 13 23 68 
19 47 68 60 43 
5 64 36 26 69 
29 53 56 35 22 
61 19 1 48 31 
14 37 67 47 55 
45 68 3 6 66 
47 8 59 32 53 
41 59 58 44 35 
51 69 30 10 13 
24 30 18 21 60 
22 32 21 12 29 
47 20 12 21 5 
32 9 41 56 37 
41 50 14 56 57 
52 30 8 4 59 
41 56 20 11 42 
53 24 57 6 17 
31 11 27 36 67 
14 19 47 51 39 
1 68 36 22 9 
44 43 37 45 53 
51 55 34 15 23 
43 53 8 10 4 
6 51 36 54 14 
5 43 65 18 33 
12 34 53 65 29 
67 1 25 5 63 
65 27 59 14 29 
61 50 12 5 69 
3 54 20 59 48 
56 67 52 19 22 
23 37 32 58 3 
64 46 28 62 15 
14 38 60 35 17 
23 28 66 27 26 
26 55 63 14 22 
40 15 39 57 7 
38 28 66 35 61 
26 55 37 53 15 
42 35 15 63 68 
8 44 61 51 27 
66 53 18 42 62 
24 42 29 44 63 
6 32 3 12 64 
39 26 68 18 14 
50 35 67 19 31 
4 16 2 30 46 
59 23 39 20 60 
49 53 57 59 62 
54 1 25 21 11 
7 43 56 4 2 
23 59 31 3 21 
39 55 53 41 68 
24 68 20 38 56 
33 59 44 67 11 
36 17 2 67 9 
12 60 9 15 31 
33 60 54 57 12 
57 41 35 30 23 
59 66 35 50 49 
55 68 47 54 14 
32 16 36 46 35 
15 10 12 56 19 
61 62 37 39 25 
27 29 36 47 8 
24 50 46 44 51 
68 60 18 43 58 
15 62 7 21 33 
29 50 67 4 49 
26 32 9 23 30 
27 15 59 44 63 
69 23 2 59 40 
42 9 5 27 39 
40 7 55 66 48 
60 45 48 33 35 
40 43 31 8 39 
48 54 39 2 37 
29 47 30 22 42 
10 33 41 12 36 
46 63 56 4 44 
1 40 69 33 35 
1 21 3 57 47 
49 61 67 2 20 
58 33 13 68 16 
65 8 7 50 35 
42 12 65 48 18 
57 54 53 56 39 
8 12 26 42 39 
42 40 50 18 34 
2 23 8 18 21 
58 38 59 64 68 
32 13 58 41 60 
64 26 1 3 41 
68 38 69 1 17 
33 10 41 54 52 
65 12 2 32 50 
10 7 68 64 63 
67 10 31 63 41 
15 22 46 27 33 
36 56 49 62 9 
53 28 15 52 63 
60 16 21 27 61 
36 10 3 34 62 
61 14 19 62 64 
61 69 47 27 62 
32 59 13 58 16 
16 36 25 44 55 
36 5 62 21 61 
7 40 29 35 45 
43 48 36 25 6 
65 7 14 57 17 
14 2 3 40 51 
18 6 36 2 37 
5 34 56 45 12 
13 47 55 23 58 
36 19 42 30 66 
8 19 47 58 12 
22 5 21 29 43 
11 20 4 69 1 
27 15 22 47 21 
55 27 64 52 60 
16 67 17 53 20 
31 10 17 51 53 
14 47 57 23 11 
8 17 52 59 49 
62 36 11 21 27 
67 49 18 14 36 
18 47 31 43 36 
6 56 53 30 24 
23 50 18 40 5 
37 52 58 53 21 
6 31 37 10 44 
44 13 1 3 56 
27 65 45 20 18 
37 40 11 28 53 
40 2 42 55 6 
49 33 45 23 32 
16 14 58 37 48 
63 13 45 17 15 
45 32 7 18 15 
17 4 43 5 52 
69 54 57 51 60 
57 2 65 58 60 
12 51 44 8 18 
40 28 31 41 46 
4 53 6 48 3 
47 31 14 48 11 
56 17 54 63 69 
37 4 67 23 61 
27 52 43 32 34 
6 38 53 39 13 
35 53 27 24 10 
45 65 43 61 3 
3 67 41 4 11 
1 66 20 22 60 
45 46 26 14 38 
49 4 23 25 19 
67 20 65 14 39 
53 60 40 68 69 
8 5 17 28 27 
35 52 17 42 33 
61 2 7 52 1 
64 66 40 5 37 
48 1 65 16 49 
67 63 58 15 39 
68 33 20 63 28 
15 46 21 1 32 
22 8 32 4 58 
65 33 4 53 43 
44 31 2 52 28 
55 44 21 50 40 
50 11 58 52 31 
44 17 53 18 37 
56 61 11 51 5 
62 61 38 34 42 
6 61 42 1 22 
38 27 4 17 9 
39 65 6 14 38 
3 55 10 44 68 
39 17 12 53 1 
27 66 35 39 51 
16 53 23 50 14 
13 45 33 30 61 
41 21 26 10 49 
25 32 21 67 63 
36 61 59 22 48 
16 35 53 18 39 
47 36 63 35 61 
63 28 16 40 23 
20 17 12 21 26 
20 19 1 38 54 
39 4 10 37 69 
11 69 13 56 55 
40 3 27 37 19 
21 62 34 8 2 
13 11 46 22 27 
67 7 6 11 66 
64 52 44 69 54 
54 46 28 50 19 
8 41 38 25 34 
19 34 50 44 29 
38 22 4 39 35 
20 40 63 13 51 
31 60 43 8 39 
50 66 24 65 29 
26 55 40 41 65 
8 49 57 30 21 
29 1 62 5 54 
52 62 33 59 46 
54 38 22 15 66 
27 44 67 28 68 
4 11 67 1 59 
53 25 60 59 30 
21 22 34 1 47 
36 5 21 58 32 
24 54 7 60 36 
18 12 29 20 30 
6 65 49 67 21 
36 61 55 51 35 
59 39 36 16 28 
47 17 61 36 60 
39 59 27 54 56 
12 59 46 26 22 
61 3 51 45 15 
10 20 29 48 51 
54 32 35 40 52 
33 11 54 22 20 
22 9 41 61 47 
40 38 31 20 49 
37 63 61 50 40 
46 4 62 1 18 
45 39 5 57 36 
58 51 37 54 60 
47 63 20 40 55 
37 23 62 22 63 
44 21 22 39 60 
32 17 2 7 11 
42 38 47 52 28 
66 12 22 54 69 
17 64 52 1 58 
62 12 30 17 45 
20 11 33 39 65 
47 23 59 29 60 
30 48 31 41 42 
53 30 63 48 32 
7 41 29 43 36 
30 10 57 63 51 
29 58 44 10 27 
3 26 51 35 6 
56 23 28 5 43 
44 9 25 34 45 
50 1 57 24 2 
64 8 48 30 57 
47 46 62 57 21 
46 25 43 48 19 
45 15 35 26 8 
53 31 51 34 5 
48 3 60 16 52 
48 59 40 69 43 
7 67 20 29 38 
65 16 63 10 32 
32 55 66 64 8 
28 26 18 38 47 
12 57 38 15 63 
56 45 10 40 67 
3 21 59 50 38 
33 50 7 3 69 
25 53 44 3 64 
10 37 59 53 30 
19 20 59 40 42 
61 24 51 6 2 
13 66 2 23 34 
16 68 48 7 19 
29 45 58 55 27 
62 45 36 64 38 
39 6 9 33 2 
39 48 12 50 6 
2 33 13 32 48 
25 6 14 33 46 
21 20 65 36 60 
17 21 14 27 18 
21 22 30 12 33 
3 59 37 51 18 
46 65 24 35 9 
11 43 61 15 55 
67 14 8 33 36 
11 53 47 30 29 
69 38 49 4 11 
54 2 15 65 38 
61 10 69 51 15 
33 62 18 63 29 
39 61 27 16 5 
65 5 15 38 47 
63 17 51 2 33 
10 8 41 21 62 
49 55 16 27 25 
40 22 48 30 42 
10 3 15 42 33 
37 45 36 69 2 
