24
4
34
1
15
32
12
30
23
15
1
8
8
9
7
10
12
4
33
34
20
15
20
5
24
20
11
31
38
20
27
29
32
10
38
25
5
30
6
39
10
25
27
3
4
4
6
3
25
27
2
15
36
30
29
31
39
26
23
13
19
38
20
33
34
13
15
30
30
25
24
35
2
11
17
34
15
39
33
33
10
29
5
1
4
39
2
22
16
23
18
14
12
24
30
36
7
24
27
31
32
23
6
2
36
5
30
19
24
36
29
10
6
21
8
3
9
8
9
27
37
23
15
11
39
7
27
19
5
3
24
15
31
16
16
36
23
11
31
21
29
8
29
18
12
12
26
32
8
6
8
25
17
30
33
19
11
6
38
4
37
36
39
14
29
2
13
24
5
11
13
26
8
31
17
31
18
1
2
13
6
38
36
26
12
8
28
11
25
28
22
8
37
9
19
33
18
19
14
34
2
24
25
1
28
7
5
13
35
7
33
11
11
5
32
7
14
35
12
5
24
30
6
8
33
27
6
18
2
2
29
16
29
33
29
23
1
22
2
30
32
14
14
33
27
27
18
26
14
30
6
22
33
29
23
13
3
20
16
13
4
18
12
1
21
1
19
23
28
22
29
29
6
1
23
33
10
8
10
35
28
18
35
10
4
33
5
25
20
32
13
20
26
34
6
3
12
21
28
14
3
11
4
14
20
25
26
7
35
35
9
18
16
34
12
3
29
29
17
29
21
16
1
12
29
16
15
31
16
27
3
24
20
33
28
20
2
5
18
17
27
16
32
11
26
25
2
14
32
19
32
1
17
28
33
16
4
11
27
6
17
6
7
6
5
15
32
13
20
23
23
19
13
20
11
24
33
20
19
13
23
5
17
5
18
4
28
5
13
29
10
17
22
32
9
10
7
10
17
29
25
17
27
34
1
8
32
18
23
14
22
34
25
25
29
2
20
7
24
29
1
3
34
4
2
13
19
30
10
9
14
15
21
17
24
29
29
20
8
21
12
20
32
26
34
1
33
22
31
18
25
1
24
15
23
30
7
26
35
9
35
11
14
26
35
9
3
16
29
29
24
24
24
9
3
31
19
27
35
18
13
27
23
16
26
13
7
31
18
28
20
19
16
12
16
17
34
15
11
28
17
35
35
27
26
14
10
33
15
5
22
15
35
25
10
19
22
9
23
10
1
34
22
33
19
28
22
26
8
12
32
33
27
18
8
7
14
17
1
28
29
12
30
17
18
12
6
33
30
17
7
32
25
16
23
22
11
15
25
29
7
15
7
27
25
21
18
3
11
33
11
2
35
15
19
15
28
24
7
7
12
16
16
19
8
27
7
24
5
5
17
4
9
1
1
19
11
2
10
7
17
15
18
5
6
21
21
2
9
13
1
22
6
10
25
20
22
10
17
13
10
6
24
19
21
18
23
8
5
20
25
25
5
18
6
19
3
23
21
3
25
6
19
3
25
9
22
3
8
13
17
14
3
9
23
9
11
26
15
12
12
17
20
7
10
11
17
25
6
4
18
12
10
26
5
11
24
5
2
12
12
6
8
24
16
20
12
25
21
8
14
14
17
22
1
1
15
9
16
20
23
22
24
23
5
8
2
24
7
21
3
16
7
22
20
15
15
10
3
21
4
9
4
10
24
13
12
2
22
17
10
25
5
2
19
20
2
19
17
19
4
11
16
5
9
16
11
1
13
15
24
13
15
6
26
5
9
21
8
19
9
3
15
9
6
25
13
3
24
21
13
10
8
16
21
26
9
17
4
9
12
12
18
11
9
19
4
13
4
15
7
26
17
22
19
24
26
19
22
15
24
7
23
11
8
4
8
10
1
13
22
18
25
26
13
4
16
6
9
6
7
11
20
25
3
24
12
26
4
24
21
3
21
7
22
6
10
20
26
2
8
6
16
5
18
22
9
7
25
24
21
21
24
20
18
15
9
19
12
8
6
17
19
14
19
25
7
21
20
7
14
14
1
9
13
25
15
24
10
22
7
11
12
1
26
13
26
2
17
24
16
16
13
8
12
9
13
21
24
3
11
18
8
22
3
15
7
15
15
23
22
4
20
11
25
24
23
5
18
18
21
26
11
10
26
17
16
26
24
25
12
19
22
24
1
20
24
10
6
13
21
25
26
1
2
13
23
21
23
14
14
11
21
5
12
4
18
8
6
10
15
1
4
6
17
2
3
26
4
26
3
2
7
8
8
18
13
14
1
21
24
8
25
1
3
21
10
19
13
6
6
13
3
3
10
20
21
1
14
18
2
6
3
11
15
22
25
4
7
4
2
23
3
12
23
4
21
22
17
25
11
26
12
23
21
18
14
25
10
19
9
14
20
18
26
7
22
3
19
18
8
18
2
13
2
6
25
3
19
11
24
13
14
23
2
8
8
13
16
11
16
4
5
17
2
19
24
18
20
24
20
19
20
11
9
16
21
14
17
18
18
5
10
5
23
8
18
6
5
4
4
9
14
18
26
24
24
24
21
3
23
14
2
10
18
7
21
4
1
14
1
24
18
20
19
18
5
23
26
6
13
24
14
18
13
20
5
11
26
18
4
10
4
20
7
13
6
18
14
5
3
13
14
2
22
14
9
4
5
8
7
20
1
4
21
18
16
18
18
2
19
4
18
6
24
5
16
3
14
25
6
22
21
3
1
8
17
24
4
8
16
20
19
26
9
10
25
20
1
17
14
24
8
3
10
3
11
10
5
4
14
23
16
18
26
4
15
24
26
8
17
1
24
21
21
21
25
11
19
5
19
12
11
1
15
1
5
24
15
3
12
5
20
24
17
19
8
26
9
8
14
9
23
1
19
22
17
10
17
24
2
6
24
10
4
15
1
2
15
2
19
11
7
22
17
13
9
24
13
22
10
17
16
16
11
14
15
24
10
26
7
17
16
11
3
